mn day  max   min  precip  DD10    CUMDD10
1  1   6.67 -1.11  0.00   0.00      0.0
1  2   8.33 -1.67  0.00   0.00      0.0
1  3  10.56  1.11  0.00   0.06      0.1
1  4   8.33  1.11  0.37   0.00      0.1
1  5  10.56  5.00  0.08   0.08      0.1
1  6  13.89  2.22  0.07   0.99      1.1
1  7   8.89  2.22  0.01   0.00      1.1
1  8   7.78  4.44  0.37   0.00      1.1
1  9  11.11  5.00  0.05   0.20      1.3
1 10   9.44  4.44  0.41   0.00      1.3
1 11  14.44  9.44  0.34   2.02      3.4
1 12  12.22  8.89  0.12   0.84      4.2
1 13  16.67  4.44  0.01   2.23      6.4
1 14   8.89  3.33  0.01   0.00      6.4
1 15  12.22  1.11  0.05   0.43      6.9
1 16  13.33  5.00  0.00   0.94      7.8
1 17  17.22  4.44  0.27   2.47     10.3
1 18  10.00  5.56  0.26   0.00     10.3
1 19   8.89  3.89  0.04   0.00     10.3
1 20   8.89  3.33  0.10   0.00     10.3
1 21   8.33  6.11  0.10   0.00     10.3
1 22  12.78  2.78  0.23   0.64     10.9
1 23   8.89  3.33  0.38   0.00     10.9
1 24   9.44  4.44  0.32   0.00     10.9
1 25   8.33  2.78  0.24   0.00     10.9
1 26   8.33  2.78  0.12   0.00     10.9
1 27  12.22  5.56  0.07   0.56     11.5
1 28  18.33  8.33  0.00   3.63     15.1
1 29  15.00  7.22  0.20   1.84     16.9
1 30  11.67  4.44  0.02   0.35     17.3
1 31   9.44  3.33  0.01   0.00     17.3
2  1  10.00  4.44  0.00   0.00     17.3
2  2  19.44  7.22  0.01   3.91     21.2
2  3  16.67  8.33  0.01   2.82     24.0
2  4  16.11  6.11  0.00   2.19     26.2
2  5  18.89  5.56  0.00   3.35     29.5
2  6  14.44  2.22  0.01   1.18     30.7
2  7  16.11  2.22  0.00   1.81     32.5
2  8  17.22  2.22  0.00   2.25     34.8
2  9  12.22  6.11  0.00   0.59     35.4
2 10  12.22  0.00  0.01   0.41     35.8
2 11   7.22  0.00  0.01   0.00     35.8
2 12  11.67 -1.67  0.00   0.25     36.0
2 13  12.22 -5.00  0.25   0.34     36.4
2 14  10.56  2.22  0.03   0.06     36.5
2 15  12.22  1.11  0.03   0.43     36.9
2 16  11.67  3.33  0.02   0.32     37.2
2 17  12.22  5.56  0.36   0.56     37.8
2 18   5.56  1.11  0.07   0.00     37.8
2 19   7.78  0.56  0.01   0.00     37.8
2 20   5.56 -1.67  0.08   0.00     37.8
2 21   5.00 -1.11  0.11   0.00     37.8
2 22   7.22 -1.11  0.02   0.00     37.8
2 23   5.56 -5.56  0.25   0.00     37.8
2 24  11.67  2.78  0.25   0.31     38.1
2 25   7.78  2.22  0.36   0.00     38.1
2 26   8.89 -0.56  0.00   0.00     38.1
2 27   8.33 -2.22  0.01   0.00     38.1
2 28   8.33  3.89  0.40   0.00     38.1
3  1   7.22  3.33  0.09   0.00     38.1
3  2  10.56  1.67  0.00   0.06     38.1
3  3  10.56 -0.56  0.04   0.05     38.2
3  4  11.67 -1.67  0.00   0.25     38.5
3  5  15.56  0.56  0.00   1.50     39.9
3  6  14.44 -2.22  0.00   1.00     40.9
3  7  12.22  0.56  0.21   0.42     41.4
3  8  11.11  4.44  0.08   0.20     41.6
3  9  13.33  4.44  0.02   0.90     42.5
3 10  15.56 -0.56  0.00   1.44     43.9
3 11  20.00  2.78  0.00   3.47     47.4
3 12  22.78  1.11  0.38   4.48     51.9
3 13  12.22  6.67  0.18   0.62     52.5
3 14  15.56  2.78  0.04   1.63     54.1
3 15  12.22  0.56  0.00   0.42     54.5
3 16  15.00  0.56  0.00   1.30     55.8
3 17  12.78  3.89  0.00   0.68     56.5
3 18  13.89  2.78  0.02   1.02     57.5
3 19  16.11  0.00  0.00   1.67     59.2
3 20  19.44 -1.11  0.10   2.87     62.1
3 21  12.78  3.33  0.58   0.66     62.7
3 22  11.11  1.67  0.62   0.16     62.9
3 23   5.00  2.22  0.23   0.00     62.9
3 24   8.33  1.67  0.03   0.00     62.9
3 25  12.78  1.11  0.06   0.59     63.5
3 26  11.67  0.00  0.01   0.27     63.7
3 27  14.44  4.44  0.00   1.32     65.1
3 28  18.89  6.11  0.00   3.44     68.5
3 29  17.78  2.22  0.00   2.48     71.0
3 30  19.44  2.78  0.00   3.23     74.2
3 31  19.44  6.11  0.00   3.70     77.9
4  1  12.22  3.33  0.02   0.48     78.4
4  2  15.00  0.56  0.01   1.30     79.7
4  3  13.89 -0.56  0.03   0.88     80.6
4  4  18.33  7.22  0.02   3.38     84.0
4  5  12.22  8.33  0.14   0.76     84.7
4  6  22.78 11.11  0.03   6.94     91.7
4  7  16.11  8.33  1.44   2.56     94.2
4  8  12.78  6.11  0.02   0.80     95.0
4  9  20.00  3.33  0.01   3.54     98.6
4 10  19.44 10.00  0.01   4.72    103.3
4 11  12.78  5.00  0.49   0.73    104.0
4 12  13.33  4.44  0.03   0.90    104.9
4 13  15.00  7.22  0.01   1.84    106.8
4 14  15.00  9.44  0.43   2.30    109.1
4 15  10.56  5.00  0.27   0.08    109.1
4 16   9.44  4.44  0.13   0.00    109.1
4 17  15.56  4.44  0.01   1.77    110.9
4 18  18.89  4.44  0.00   3.19    114.1
4 19  22.22  1.67  0.00   4.30    118.4
4 20  21.67  2.78  0.00   4.20    122.6
4 21  20.00  7.78  0.00   4.30    126.9
4 22  20.56  5.00  0.00   4.02    130.9
4 23  26.11  5.00  0.00   6.61    137.5
4 24  30.56  5.56  0.00   8.87    146.4
4 25  30.56  7.22  0.00   9.30    155.7
4 26  25.00  9.44  0.07   7.27    163.0
4 27  11.67 10.00  0.27   0.83    163.8
4 28  16.67  7.22  0.09   2.60    166.4
4 29  16.67  6.67  0.03   2.51    168.9
4 30  16.11  7.78  0.01   2.45    171.4
5  1  16.11  7.22  0.00   2.35    173.7
5  2  24.44  3.89  0.00   5.63    179.3
5  3  25.00  7.22  0.00   6.58    185.9
5  4  20.00  9.44  0.00   4.78    190.7
5  5  26.11 10.00  0.24   8.06    198.8
5  6  19.44 10.56  0.01   5.00    203.8
5  7  22.78  9.44  0.01   6.16    209.9
5  8  25.00  7.78  0.06   6.73    216.7
5  9  20.56 11.67  0.01   6.11    222.8
5 10  22.22  9.44  0.01   5.88    228.7
5 11  21.11  7.78  0.00   4.84    233.5
5 12  26.67  7.78  0.00   7.55    241.0
5 13  31.67 10.00  0.00  10.83    251.9
5 14  29.44 10.56  0.01  10.00    261.9
5 15  22.78 10.56  0.01   6.67    268.5
5 16  20.00 11.11  0.00   5.56    274.1
5 17  20.56 11.11  0.00   5.83    279.9
5 18  22.78 10.00  0.00   6.39    286.3
5 19  21.67 11.67  0.00   6.67    293.0
5 20  22.78 10.00  0.00   6.39    299.4
5 21  25.56  8.33  0.00   7.17    306.5
5 22  30.00 10.00  0.00  10.00    316.5
5 23  25.56 12.22  0.00   8.89    325.4
5 24  24.44 12.78  0.00   8.61    334.0
5 25  20.00 10.56  0.00   5.28    339.3
5 26  19.44  7.78  0.00   4.03    343.3
5 27  26.67  7.78  0.00   7.55    350.9
5 28  25.56  9.44  0.00   7.54    358.4
5 29  19.44 10.56  0.00   5.00    363.4
5 30  20.56  5.56  0.00   4.12    367.6
5 31  17.78  9.44  0.03   3.67    371.2
6  1  23.89  5.00  0.00   5.57    376.8
6  2  28.89  7.78  0.00   8.64    385.4
6  3  22.78 10.56  0.00   6.67    392.1
6  4  22.22 10.56  0.00   6.39    398.5
6  5  25.00  7.22  0.00   6.58    405.1
6  6  26.67  7.78  0.00   7.55    412.6
6  7  22.78 12.22  0.00   7.50    420.1
6  8  20.56 11.11  0.13   5.83    426.0
6  9  17.22  9.44  0.02   3.40    429.4
6 10  14.44  8.89  0.10   1.88    431.2
6 11  22.22 10.56  0.01   6.39    437.6
6 12  28.89  7.22  0.01   8.48    446.1
6 13  19.44 12.78  0.01   6.11    452.2
6 14  22.22 10.56  0.00   6.39    458.6
6 15  22.22 10.00  0.00   6.11    464.7
6 16  25.00 12.78  0.00   8.89    473.6
6 17  33.33 12.22  0.00  12.78    486.4
6 18  30.00 13.33  0.00  11.67    498.1
6 19  35.00 12.22  0.00  13.61    511.7
6 20  28.89 15.00  0.00  11.94    523.6
6 21  25.56 15.00  0.00  10.28    533.9
6 22  26.11 13.89  0.00  10.00    543.9
6 23  27.78 13.89  0.00  10.83    554.7
6 24  33.89 12.22  0.00  13.06    567.8
6 25  19.44 13.33  0.00   6.39    574.2
6 26  25.28  8.33  0.00   7.03    581.2
6 27  25.39  9.78  0.00   7.59    588.8
6 28  25.33  7.89  0.00   6.93    595.7
6 29  30.00  8.67  0.00   9.48    605.2
6 30  31.11 11.67  0.00  11.39    616.6
7  1  28.89 13.89  0.00  11.39    628.0
7  2  22.78 10.56  0.00   6.67    634.6
7  3  25.56  7.78  0.00   7.00    641.6
7  4  23.33 14.44  0.00   8.89    650.5
7  5  31.67 12.78  0.00  12.22    662.8
7  6  27.22 12.78  0.00  10.00    672.8
7  7  28.89 11.11  0.00  10.00    682.8
7  8  28.89 11.67  0.00  10.28    693.0
7  9  23.89 12.78  0.00   8.33    701.4
7 10  28.33 13.33  0.00  10.83    712.2
7 11  31.67 14.44  0.00  13.06    725.3
7 12  37.22 16.67  0.00  16.94    742.2
7 13  36.11 16.11  0.00  16.11    758.3
7 14  35.56 12.78  0.00  14.17    772.5
7 15  38.33 15.00  0.00  16.63    789.1
7 16  37.22 15.56  0.00  16.39    805.5
7 17  31.67 13.89  0.00  12.78    818.3
7 18  32.78 13.33  0.00  13.06    831.3
7 19  26.11 13.89  0.00  10.00    841.3
7 20  27.22 10.56  0.00   8.89    850.2
7 21  29.44  9.44  0.00   9.48    859.7
7 22  34.44 12.22  0.00  13.33    873.0
7 23  36.11 13.33  0.00  14.72    887.8
7 24  37.22 13.89  0.00  15.56    903.3
7 25  38.89 13.89  0.00  16.29    919.6
7 26  38.89 15.00  0.00  16.84    936.4
7 27  32.78 13.33  0.00  13.06    949.5
7 28  33.89 12.78  0.00  13.33    962.8
7 29  37.22 14.44  0.00  15.83    978.7
7 30  31.11 14.44  0.00  12.78    991.4
7 31  31.67 13.33  0.00  12.50   1003.9
8  1  31.11 12.78  0.00  11.94   1015.9
8  2  23.33 13.89  0.00   8.61   1024.5
8  3  26.11 13.33  0.00   9.72   1034.2
8  4  31.67 12.22  0.00  11.94   1046.2
8  5  32.22 12.78  0.00  12.50   1058.7
8  6  32.22 13.89  0.00  13.06   1071.7
8  7  34.44 14.44  0.00  14.44   1086.2
8  8  33.89 15.00  0.00  14.44   1100.6
8  9  35.00 13.89  0.00  14.44   1115.1
8 10  32.22 15.00  0.00  13.61   1128.7
8 11  25.00 15.00  0.00  10.00   1138.7
8 12  28.89 12.22  0.00  10.56   1149.2
8 13  30.56 13.33  0.00  11.94   1161.2
8 14  33.89 14.44  0.00  14.17   1175.3
8 15  29.44 15.00  0.00  12.22   1187.6
8 16  27.78 14.44  0.00  11.11   1198.7
8 17  29.44 10.00  0.00   9.72   1208.4
8 18  31.67 10.56  0.00  11.11   1219.5
8 19  31.67 12.78  0.00  12.22   1231.7
8 20  27.78 12.78  0.00  10.28   1242.0
8 21  33.89 13.89  0.00  13.89   1255.9
8 22  33.33 13.33  0.00  13.33   1269.2
8 23  19.44 14.44  0.00   6.94   1276.2
8 24  23.89 11.67  0.00   7.78   1283.9
8 25  25.56  8.33  0.00   7.17   1291.1
8 26  23.33 12.78  0.00   8.06   1299.2
8 27  26.11 16.11  0.00  11.11   1310.3
8 28  31.11 11.67  0.00  11.39   1321.7
8 29  27.78 11.11  0.00   9.44   1331.1
8 30  22.22 13.33  0.00   7.78   1338.9
8 31  27.22 11.67  0.00   9.44   1348.3
9  1  25.00 10.00  0.00   7.50   1355.8
9  2  28.33 10.00  0.00   9.17   1365.0
9  3  27.78 10.56  0.00   9.17   1374.2
9  4  26.67  7.78  0.00   7.55   1381.7
9  5  32.22 10.00  0.00  11.11   1392.8
9  6  30.00 12.22  0.00  11.11   1403.9
9  7  29.44  8.89  0.01   9.28   1413.2
9  8  27.22 13.89  0.01  10.56   1423.8
9  9  27.78  8.89  0.00   8.45   1432.2
9 10  26.11 15.00  0.00  10.56   1442.8
9 11  23.89 10.00  0.39   6.94   1449.7
9 12  17.22 10.56  0.22   3.89   1453.6
9 13  18.89  8.33  0.02   3.90   1457.5
9 14  23.33  8.89  0.00   6.24   1463.7
9 15  20.00  7.22  0.12   4.17   1467.9
9 16  18.33 11.11  0.12   4.72   1472.6
9 17  22.22  7.78  0.00   5.38   1478.0
9 18  24.44  6.67  0.00   6.18   1484.2
9 19  24.44  6.11  0.00   6.06   1490.3
9 20  25.00  8.33  0.00   6.89   1497.1
9 21  25.00  7.78  0.00   6.73   1503.9
9 22  21.11 11.67  0.04   6.39   1510.3
9 23  22.22  6.11  0.00   5.00   1515.3
9 24  21.67  5.56  0.00   4.63   1519.9
9 25  26.67  7.22  0.00   7.40   1527.3
9 26  29.44  7.78  0.00   8.92   1536.2
9 27  30.00  8.33  0.00   9.36   1545.6
9 28  30.56  8.33  0.00   9.64   1555.2
9 29  18.89 12.22  0.00   5.56   1560.8
9 30  24.44 12.78  0.00   8.61   1569.4
10  1  23.89 13.89  0.00   8.89   1578.3
10  2  23.33  9.44  0.00   6.44   1584.7
10  3  21.11  4.44  0.00   4.19   1588.9
10  4  21.67  8.89  0.04   5.42   1594.3
10  5  12.78  6.11  0.10   0.80   1595.1
10  6  17.22  9.44  0.01   3.40   1598.5
10  7  15.00  7.22  0.01   1.84   1600.3
10  8  18.89 12.22  0.01   5.56   1605.9
10  9  19.44 10.00  0.00   4.72   1610.6
10 10  20.56  6.11  0.00   4.21   1614.8
10 11  22.22  3.33  0.00   4.53   1619.4
10 12  23.33  3.33  0.00   5.03   1624.4
10 13  22.22  4.44  0.00   4.70   1629.1
10 14  23.33  2.78  0.00   4.94   1634.0
10 15  25.00  1.11  0.00   5.45   1639.5
10 16  26.11  2.22  0.00   6.12   1645.6
10 17  26.67  3.33  0.00   6.56   1652.2
10 18  24.44  2.78  0.00   5.45   1657.6
10 19  23.89  2.78  0.00   5.20   1662.8
10 20  22.78  3.89  0.00   4.86   1667.7
10 21  22.22  2.78  0.00   4.45   1672.1
10 22  20.00  3.89  0.00   3.61   1675.7
10 23  15.00  4.44  0.02   1.54   1677.3
10 24  16.67  8.89  0.00   2.96   1680.2
10 25  15.56  7.22  0.05   2.10   1682.3
10 26  17.22 12.22  0.07   4.72   1687.1
10 27  18.33 10.56  0.36   4.44   1691.5
10 28  19.44  8.89  0.18   4.32   1695.8
10 29  17.22  6.67  0.06   2.77   1698.6
10 30  12.78  3.33  0.10   0.66   1699.2
10 31  14.44 10.00  0.01   2.22   1701.5
11  1  17.78 13.33  0.05   5.56   1707.0
11  2  20.00 10.56  0.05   5.28   1712.3
11  3  15.56  6.67  0.09   2.01   1714.3
11  4  20.00  8.33  0.02   4.44   1718.8
11  5  17.22  6.11  0.02   2.68   1721.4